1.78940599
1.65309799
1.78531383
1.70798354
1.76893019
1.69433
1.60991
1.68875503
1.69061156
1.65892
1.83912
1.60149
1.69638516
1.55217262
1.59393
1.56117
1.79558929
1.6264
1.74412949
1.65829117
1.90946014
1.57652
1.79746548
1.6515765
1.67012926
1.65004
1.68176
1.88536395
1.66130971
1.91566956
1.71791999
1.6406436
1.87035541
1.7060405
1.84672574
1.82168
1.69042793
1.66926586
1.68810119
1.70126366
1.58397
1.6980725
1.70638953
1.69021994
1.58595228
1.87443
1.66676
1.67202256
1.56904113
1.60021368
1.49365748
1.83384
1.7432452
1.72856054
1.72439
1.59077
1.64009
1.61360138
1.42203679
1.5808751
1.57567
1.67621
1.87507416
1.6461012
1.476342
1.68422036
1.88614131
1.6114
1.74396718
1.66315
1.6356479
1.66132
1.65502748
1.68727
1.78531
1.74229863
1.69602216
1.8199
1.73593
1.65565177
1.77537687
1.83905
1.8021204
1.61737573
1.71305734
1.63009967
1.62771554
1.57895592
1.80147691
1.71722065
1.56940957
1.85056875
1.72204
1.66591646
1.6755365
1.73682
1.66564949
1.85073
1.69584
1.68825405
1.82973309
1.77522148
1.55947
1.74097607
1.67945011
1.6388
1.87914039
1.68761272
1.69149262
1.65264
1.78383
1.54809537
1.48615072
1.73925755
1.50695
1.60002135
1.64693095
1.70310268
1.65786169
1.78250413
1.46260521
1.6814
1.63384035
1.66133456
1.79633263
1.54381
1.82815903
1.6446154
1.79721023
1.73723
1.69806
1.61409468
1.53822363
1.84102
1.58064261
1.67900781
1.53352122
1.56700591
1.71959
1.65651
1.81283
1.66815
1.65095
1.450567
1.65405733
1.92394
1.68259809
1.68778481
1.79159
1.6804396
1.60644788
1.66809
1.78793031
1.63395
1.72294292
1.76199247
1.66287593
1.67151496
1.63647329
1.78059
1.6866815
1.76853712
1.72386
1.78215
1.77831894
1.83102
1.45389878
1.62932
1.65910942
1.87098655
1.81947876
1.65051
1.54312745
1.51184625
1.90277401
1.76016
1.69198
1.51540069
1.71474448
1.54773421
1.61499648
1.68205096
1.49371462
1.8513846
1.62242157
1.46428266
1.6707075
1.73059
1.68768721
1.6477227
1.6635
1.61582
1.519481
1.80176
1.60506977
1.6503
1.63257
1.93380259
1.75205
1.70556
1.63140069
1.54429169
1.51498533
1.67538
1.73062798
1.8088851
1.71217156
1.45292968
1.75710526
1.81647733
1.71110171
1.60129446
1.69888458
1.73033263
1.58363
1.63038802
1.70632
1.73653267
1.58285355
1.73057966
1.71413787
1.64774
1.80271696
1.82159
1.73671
1.59333
1.67400298
1.69593037
1.53991
1.65797706
1.72295
1.70871796
1.87460248
1.70719238
1.73985
1.85467513
1.77451573
1.60501445
1.68036
1.72967
1.58012597
1.79301403
1.68493
1.79272628
1.57359
1.92436066
1.8000695
1.71915
1.77914561
1.79989
1.78658038
1.59866
1.85552938
1.92075
1.75462
1.82393211
1.61505651
1.70058
1.72377
1.60699
1.81450164
1.59417206
1.74899812
1.67739914
1.80590108
1.81612032
1.491429
1.67068243
1.57544082
1.74278
1.66089152
1.63688
1.76962648
1.65328098
1.74507933
1.7217
1.83177
1.8213233
1.7414211
1.70143685
1.83023
1.73887
1.70825047
1.66978
1.6796115
1.76566844
1.6508146
1.80905773
1.6242
1.55331791
1.71081618
1.71596257
1.74406687
1.62494752
1.7217358
1.79493063
1.81817368
1.69501
1.52555273
1.70581058
1.73272309
1.76598
1.73488574
1.54657
1.64526293
1.70958254
1.66108933
1.45294968
1.9336
1.78414627
1.59409808
1.80408534
1.67648869
1.88119325
1.54553409
1.72718448
1.59613693
1.93883479
1.79715
1.84317656
1.76037
1.83657
1.53144294
1.86857786
1.62965
1.461468
1.73324219
1.73073
1.66448
1.77081172
1.88436013
1.76522346
1.80303
1.55922
1.74602865
1.60031
1.4645465
1.67382655
1.76203355
1.53352
1.80956
1.55653
1.70356626
1.83656149
1.96069814
1.7658874
1.65179298
1.5715
1.88389
1.66168
1.73437061
1.85735921
1.82175469
1.75780774
1.67086
1.61977945
1.68727834
1.6528
1.59622706
1.72671358
1.67515501
1.72330319
1.73809559
1.75530613
1.69660039
1.92736502
1.54510269
1.6480567
1.55343
1.77918937
1.70645731
1.69611
1.7553
1.56845633
1.54371236
1.91022
1.59523
1.70625
1.84068977
1.45331035
1.83148
1.72817
1.7786632
1.73488528
1.42405647
1.70774
1.6119345
1.73511
1.76666
1.63802
1.69052
1.81821033
1.80030364
1.65832
1.53012147
1.68069808
1.71857534
1.68907496
1.63986238
1.68611879
1.78033586
1.70358
1.73562
1.77172562
1.70464789
1.52702482
1.71016
1.71002
1.74204108
1.64554688
1.62326
1.70533346
1.69527
1.6121
1.74998
1.52219167
1.59235606
1.82697612
1.7490065
1.70936734
1.85549336
1.71547572
1.62294
1.68131
1.6498788
1.80566
1.7949338
1.57099439
1.80307
1.62151661
1.73572
1.70336204
1.62632721
1.66856
1.6212189
1.71382848
1.58758939
1.57494
1.81973463
1.82115
1.8179904
1.66712921
1.69073308
1.56192046
1.78819844
1.68631111
1.82414
1.64125243
1.6729
1.67485
1.70775
1.87853947
1.94487955
1.75404064
1.83412313
1.92487925
1.63415069
1.80245159
1.7941868
1.70553
1.59578915
1.320346
1.58905386
1.6711372
1.69367692
1.66202
1.78975
1.71112574
1.75684849
1.89793
1.66604
1.71571
1.6592923
1.51732
1.71819547
1.58068563
1.6815805
1.64790169
1.66230893
1.88606956
1.63424912
1.78435
1.81103145
1.884
1.82575
1.81314665
1.66231215
1.59395522
1.70589937
1.66708
1.6797
1.79784884
1.57326472
1.76570369
1.72685172
1.67903524
1.74541
1.66303751
1.55797904
1.92178111
1.64207001
1.66622766
1.64379712
1.69056
1.7679
1.67790901
1.74024472
1.66655293
1.54962
1.434731
1.64635
1.62574
1.63102809
1.69427327
1.67075162
1.88023358
1.75497579
1.7097417
1.75708529
1.68623811
1.72047889
1.64155
1.62647344
1.73859
1.48369634
1.79958
1.60914459
1.83818879
1.63968776
1.83622622
1.72002
1.93437438
1.63547299
1.78073319
1.76592153
1.65996929
1.95838
1.81667807
1.69899
1.68762847
1.84180618
1.69415679
1.58227757
1.59054394
1.6428535
1.76985215
1.79948791
1.65363844
1.52299
1.73942
1.64003022
1.74043
1.77454
1.69050906
1.86293807
1.52194603
1.71424862
1.54298305
1.49429572
1.74019232
1.73903486
1.81954
1.61316
1.79601116
1.63105
1.61979
1.708542
1.59132415
1.52887625
1.72012
1.47874573
1.50926461
1.57312424
1.86891
1.55929223
1.79052563
1.70636162
1.8076
1.88574
1.90770902
1.68437221
1.75444122
1.60284
1.6269458
1.78526305
1.73200077
1.69134
1.62530808
1.72500071
1.56405
1.57456874
1.69867309
1.87109331
1.65272287
1.70578259
1.72971786
1.7722
1.73168644
1.86434107
1.69384
1.73376
1.68525
1.61333044
1.60487
1.70373612
1.77835221
1.71327965
1.71855993
1.71951847
1.83129333
1.63215294
1.51722
1.71099
1.67149
1.78495
1.59155951
1.70538847
1.80074
1.63501351
1.72530519
1.79659301
1.99916291
1.65303747
1.50948386
1.68591907
1.7006783
1.61455484
1.7017014
1.69689836
1.7312718
1.62832098
1.55167
1.832047
1.58568
1.68941706
1.67342738
1.67193509
1.79047962
1.84477111
1.61341497
1.69509
1.57169534
1.78673516
1.69539
1.88531
1.67127385
1.80738
1.70611193
1.69239
2.03444429
1.850712
1.68714
1.60684
1.69639
1.75418947
1.58192008
1.85308005
1.64060109
1.78434185
1.490079
1.70852256
1.66700488
1.92695729
1.7086492
1.88158194
1.6925
1.64221378
1.65821
1.8106871
1.76701
1.75731122
1.89641502
1.81763823
1.5775
1.73446992
1.76652815
1.77077732
1.81170617
1.65854179
1.75325668
1.82026382
1.79680343
1.932833
1.75002458
1.81421382
1.672654
1.70952599
1.66680219
1.77567616
1.68925282
1.7744
1.68482
1.74734207
1.79582225
1.53656012
1.7696538
1.82574271
1.68233983
1.85672008
1.57249
1.83127211
1.94544269
1.95610194
1.77752
1.80188
1.83227178
1.6436943
1.82592649
1.84854804
1.73318453
1.72847609
1.74749186
1.62144
1.73876
1.73702
1.66967112
1.95651
1.83032836
1.60916
1.7889
1.65102419
1.78646
1.70011103
1.53196712
1.67274729
1.66506
1.7995681
1.88385348
1.6691
1.68690481
1.69264
1.84701463
1.71835
1.59919
1.73874
1.62228689
1.86620221
1.47873784
1.50203
1.72968255
1.72312006
1.92979
1.68473
1.77620277
1.62702993
1.61306397
1.76075
1.71087188
1.69556797
1.66695569
1.51315243
1.75035549
1.70830604
1.60153658
1.67946038
1.63892392
1.83278641
1.82042496
1.69271
1.61441755
1.68597084
1.71547045
1.79902
1.65398397
1.83688816
1.79412558
1.78223607
1.70822559
1.44990413
1.82209149
1.73094146
1.52901286
1.75531
1.72235127
1.57753
1.61325454
1.69535828
1.81286678
1.6378
1.55953692
1.63103881
1.5879682
1.6312781
1.58475
1.81909828
1.75658032
1.67432728
1.62394413
1.82627477
1.75594
1.79158187
1.66287477
1.66247
1.63698
1.65680795
1.75183
1.70344
1.80786635
1.61829112
1.75025095
1.66503686
1.70810062
1.70080612
1.58374763
1.71018297
1.62841
1.53375
1.82538
1.63196672
1.51328269
1.66086
1.83588983
1.60454763
1.54130404
1.85985588
1.7035
1.53815872
1.80943
1.65573
1.6802
1.61673766
1.77338187
1.68816728
1.85056
1.62513
1.85002996
1.63708901
1.68749
1.59974012
1.79470655
1.72709
1.79699427
1.76443
1.89019421
1.80135328
1.8675163
1.61241
1.7786706
1.58239536
1.7435581
1.70868346
1.69682
1.60139
1.71418
1.81333
1.86099059
1.98534
1.72645
1.56135055
1.7202448
1.62193106
1.62169
1.90461863
1.76011839
1.69212686
1.73618
1.73636
1.56823805
1.72711869
1.78007475
1.58445
1.68805109
1.75760867
1.6749174
1.55842
1.8813
1.80529768
1.6754
1.70272
1.69048468
1.62993988
1.61456102
1.85831367
1.74371
1.68369345
1.58718
1.96895138
1.78979488
1.49798
1.66832651
1.74115
1.80318132
1.81410439
1.99180645
1.62651706
1.82647178
1.64026185
1.71587
1.46887442
1.64361
1.66152982
1.68824
1.60877295
1.470455
1.58876
1.74663431
1.8365277
1.64831811
1.75658
1.77794885
1.70775
1.75875807
1.67829209
1.4897311
1.83218802
1.53736
1.69776
1.66377919
1.75717
1.75101931
1.66942
1.66732823
1.63268909
1.72377161
1.89623958
1.61965
1.65806097
1.87543669
1.61646847
1.68375053
1.63006988
1.64290989
1.57195
1.85704881
1.6199009
1.73553161
1.64731367
1.78158152
1.74693336
1.87620308
1.59824582
1.78073
1.73920125
1.55935171
1.79352
1.69229425
1.82037
1.75805933
1.69143
1.63942707
1.66547135
1.61035441
1.72762448
1.55138747
1.79888298
1.57627443
1.56951968
1.59665992
1.59611914
1.77817759
1.64692119
1.67006852
1.61427
1.62887119
1.63748452
1.60173
1.66445
1.73791974
1.85294369
1.73387
1.75942
1.64212792
1.7031376
1.77165386
1.71319202
1.90590607
1.77293
1.64130853
1.73372
1.74424
1.86477
1.74468996
1.56226
1.69393139
1.78974968
1.6518621
1.68479
1.64147
1.52201427
1.82809
1.65297
1.50208024
1.83715337
1.52678368
1.440432
1.58664704
1.70044997
1.81683
1.61729889
1.70979
1.86104945
1.52476808
1.77263746
1.82575611
1.68854503
1.64826
1.61495438
1.81744405
1.61594606
1.76515671






